1245620
3098470
3089130
3087650
3086060
3074050
3070520
3070070
3069470
3062990
3061810
3061070
3059010
3058630
3058310
3056420
3056580
3046980
3044520
3043530
3042220
3037780
3036080
3034940
3034950
3035040
3033820
3034130
3033500
3027930
3026100
3024580
3016840
3015760
3014600
3011440
3010450
3009850
3008670
3006630
3001560
2999990
2999090
3349410
3349420
3349430
3345580
3342630
3340810
3335300
3331000
3326290
3323350
3323360
3318000
3311740
3301410
3292260
3287520
3279160
3272290
3265330
3264050
3263320
3261720
3469800
2620730
2616420
2616460
2614920
2613400
2611740
2608620
2608270
2607620
2606920
2604420
2601580
2599300
2598930
2597970
2598020
2596100
2594540
2593420
2591240
2591280
2587770
2585150
2584650
2582360
2581740
2580020
2579670
2578880
2578910
2576550
2576780
2576040
2574840
2570950
2570210
2569750
2567490
2567870
2564880
2562240
2561580
2561220
2560520
2560640
2560650
2559270
2558800
2557750
2555420
2555430
2555190
2555320
2553870
2552680
2551170
2339930
2338770
2337460
2336880
2336881
2336200
2335810
2334730
2334210
2330970
2330210
2330500
2328720
2328750
2328780
2328980
2328320
2325830
2325832
2322560
2322010
2321210
2321092
2321101
2317960
2317820